id,home,draw,away
17761448,0.472,0.29,0.238
17695487,0.396,0.322,0.281
17715496,0.436,0.138,0.426
17715493,0.155,0.218,0.627
17715492,0.474,0.143,0.383
17715490,0.585,0.186,0.229
17709178,0.47,0.279,0.252
17948950,0.672,0.253,0.074
17948206,0.633,0.154,0.214
17695488,0.361,0.292,0.348
17935492,0.15,0.097,0.753
17935491,0.688,0.167,0.145
17948948,0.106,0.075,0.82
17900005,0.865,0.034,0.101
17933804,0.593,0.131,0.275
17933803,0.152,0.061,0.787
17933805,0.346,0.203,0.452
17696101,0.328,0.189,0.483
17935494,0.224,0.621,0.155
17993678,0.594,0.186,0.22
17766329,0.361,0.309,0.331
17947909,0.268,0.227,0.505
17766106,0.368,0.323,0.308
17870739,0.561,0.246,0.192
17870737,0.76,0.155,0.084
17947910,0.135,0.26,0.605
17870741,0.547,0.201,0.251
17870744,0.394,0.301,0.306
18031704,0.419,0.177,0.404
17769748,0.408,0.352,0.241
18031705,0.085,0.216,0.699
17898527,0.636,0.186,0.179
17947911,0.424,0.285,0.291
17777671,0.333,0.309,0.358
17766763,0.386,0.265,0.349
17766762,0.312,0.267,0.422
17766761,0.279,0.239,0.482
17903189,0.126,0.218,0.655
17766335,0.346,0.311,0.343
17766333,0.523,0.239,0.237
17766334,0.709,0.214,0.078
17766331,0.476,0.26,0.264
17766330,0.341,0.324,0.335
17707589,0.403,0.264,0.333
17707588,0.219,0.244,0.536
17707587,0.246,0.384,0.37
17707268,0.374,0.199,0.427
17707267,0.485,0.215,0.301
17696102,0.57,0.218,0.212
17766332,0.652,0.232,0.116
17668963,0.377,0.25,0.373
17707269,0.454,0.145,0.401
17898528,0.272,0.228,0.5
17898531,0.58,0.191,0.229
17898530,0.352,0.245,0.402
17898529,0.395,0.242,0.363
17898399,0.384,0.263,0.354
17898532,0.483,0.292,0.225
17898397,0.435,0.271,0.295
17898396,0.381,0.344,0.275
17898395,0.302,0.253,0.445
17708606,0.373,0.246,0.381
17898398,0.463,0.191,0.346
17873721,0.132,0.048,0.821
17872799,0.827,0.081,0.093
17707270,0.416,0.225,0.359
17766107,0.291,0.251,0.458
17766336,0.284,0.323,0.393
17766764,0.468,0.317,0.215
18031706,0.389,0.102,0.509
17983227,0.191,0.162,0.647
18031707,0.213,0.154,0.633
17873722,0.916,0.048,0.036
17897316,0.733,0.113,0.153
17897315,0.437,0.158,0.405
17897314,0.313,0.241,0.445
17897313,0.316,0.226,0.458
17769749,0.495,0.294,0.211
17766765,0.449,0.251,0.3
17897318,0.596,0.189,0.215
17897317,0.479,0.187,0.334
17898207,0.037,0.051,0.912
17900428,0.331,0.152,0.517
17900431,0.601,0.139,0.26
17707590,0.401,0.268,0.331
17668935,0.494,0.265,0.241
17696103,0.2,0.14,0.66
18016696,0.296,0.286,0.418
17777669,0.418,0.305,0.277
17903190,0.767,0.155,0.078
18037207,0.538,0.149,0.313
17766766,0.095,0.147,0.758
17780355,0.339,0.183,0.478
17780356,0.77,0.038,0.192
17780357,0.568,0.103,0.329
17872340,0.624,0.134,0.241
17982836,0.812,0.111,0.077
17708607,0.291,0.257,0.452
17872800,0.11,0.202,0.689
17872342,0.072,0.057,0.871
17870989,0.416,0.405,0.179
17932730,0.586,0.215,0.199
17214104,0.332,0.248,0.42
17708609,0.355,0.242,0.403
17987457,0.322,0.24,0.438
17987451,0.565,0.198,0.236
17872801,0.458,0.234,0.308
17932734,0.309,0.312,0.379
17903191,0.699,0.137,0.163
17088192,0.481,0.324,0.194
17870986,0.347,0.314,0.339
17162477,0.573,0.254,0.173
17707591,0.35,0.233,0.417
17708608,0.216,0.22,0.565
16833877,0.854,0.122,0.023
17870988,0.652,0.184,0.164
17668980,0.321,0.322,0.357
17872802,0.217,0.115,0.668
16475927,0.18,0.11,0.71
17898400,0.452,0.199,0.349
17872803,0.102,0.103,0.795
17973176,0.303,0.317,0.38
17137654,0.666,0.088,0.247
17870990,0.28,0.371,0.35
17054451,0.679,0.201,0.12
18001843,0.576,0.206,0.218
17973538,0.657,0.189,0.154
17956989,0.405,0.302,0.293
17996400,0.511,0.263,0.226
18046142,0.925,0.035,0.041
17903188,0.373,0.313,0.313
17988403,0.478,0.191,0.332
18037209,0.36,0.204,0.436
18037208,0.119,0.377,0.504
16888534,0.319,0.156,0.526
16888536,0.257,0.166,0.578
17777670,0.54,0.283,0.177
17214096,0.681,0.168,0.152
17684993,0.54,0.194,0.267
17948718,0.269,0.127,0.603
17685629,0.296,0.188,0.516
17269255,0.546,0.259,0.195
17269120,0.645,0.152,0.203
17983228,0.693,0.207,0.1
17998316,0.223,0.2,0.577
17269252,0.405,0.221,0.375
16834385,0.354,0.302,0.345
17012253,0.274,0.129,0.598
16495383,0.301,0.17,0.529
16832818,0.248,0.266,0.486
17684987,0.094,0.179,0.728
18043454,0.509,0.264,0.227
18043387,0.328,0.269,0.402
17162476,0.378,0.249,0.373
17996784,0.058,0.135,0.807
17757493,0.471,0.266,0.263
17758488,0.528,0.181,0.291
17758492,0.541,0.188,0.271
17879663,0.505,0.234,0.261
17758731,0.434,0.241,0.325
17342113,0.306,0.26,0.434
17900432,0.52,0.128,0.352
17901431,0.493,0.348,0.159
17958460,0.448,0.313,0.239
17998345,0.403,0.267,0.331
17960671,0.814,0.104,0.082
16911220,0.462,0.27,0.268
18043742,0.777,0.106,0.117
18037111,0.225,0.26,0.515
17899953,0.323,0.326,0.351
16495384,0.512,0.195,0.293
17673743,0.457,0.212,0.332
17673736,0.432,0.232,0.336
17987453,0.535,0.179,0.286
18043744,0.331,0.125,0.544
16495386,0.616,0.123,0.261
17987318,0.219,0.191,0.59
16725527,0.236,0.329,0.435
16888277,0.146,0.149,0.705
17162475,0.356,0.291,0.353
17870985,0.398,0.336,0.266
17684992,0.685,0.183,0.132
16725526,0.226,0.31,0.464
16943140,0.113,0.129,0.758
16888278,0.41,0.271,0.32
16888681,0.357,0.217,0.426
18016697,0.337,0.274,0.389
18016698,0.53,0.254,0.216
16744729,0.46,0.266,0.274
17156525,0.368,0.395,0.237
16744726,0.836,0.1,0.064
16744727,0.474,0.274,0.252
16744730,0.783,0.125,0.092
16888136,0.343,0.173,0.484
16744733,0.395,0.254,0.351
17720186,0.375,0.276,0.349
16935489,0.343,0.322,0.335
17673744,0.672,0.156,0.172
17156521,0.382,0.35,0.268
17156522,0.485,0.324,0.191
17156523,0.283,0.253,0.464
17997109,0.382,0.281,0.337
17997108,0.592,0.208,0.2
17957059,0.408,0.201,0.391
17758729,0.382,0.256,0.362
17758728,0.31,0.223,0.467
17757722,0.407,0.152,0.44
17130408,0.627,0.29,0.083
17130406,0.478,0.29,0.232
17156524,0.349,0.383,0.268
17087913,0.444,0.222,0.334
17087912,0.352,0.302,0.347
17087910,0.664,0.293,0.043
16888682,0.401,0.305,0.294
16888537,0.448,0.206,0.346
16888535,0.191,0.276,0.533
16888426,0.25,0.211,0.539
16888281,0.245,0.208,0.546
16888280,0.616,0.189,0.195
16888279,0.56,0.227,0.212
17156526,0.376,0.331,0.294
16744736,0.179,0.213,0.608
16744735,0.538,0.276,0.186
16744734,0.123,0.124,0.753
16744731,0.215,0.267,0.519
17156527,0.339,0.412,0.249
16744728,0.479,0.276,0.245
17156529,0.438,0.331,0.231
17987316,0.315,0.215,0.47
17055682,0.367,0.266,0.367
17982977,0.727,0.132,0.141
17903187,0.129,0.13,0.741
17156528,0.339,0.333,0.328
17222019,0.366,0.34,0.293
18014680,0.35,0.327,0.323
17214101,0.385,0.224,0.391
17342114,0.879,0.07,0.051
17796507,0.738,0.155,0.107
17156530,0.362,0.395,0.243
12030696,0.558,0.103,0.338
16950643,0.326,0.235,0.439
16495385,0.527,0.163,0.31
16621176,0.102,0.111,0.787
18037102,0.468,0.336,0.197
17983546,0.187,0.448,0.365
12030764,0.316,0.31,0.373
17900286,0.569,0.175,0.256
17657418,0.194,0.279,0.527
17657417,0.465,0.305,0.229
17657416,0.45,0.285,0.265
17447962,0.251,0.314,0.435
17447960,0.43,0.325,0.245
17269122,0.371,0.259,0.37
17269123,0.556,0.181,0.263
17269121,0.58,0.244,0.177
16832482,0.314,0.31,0.376
17269118,0.38,0.196,0.424
17162478,0.404,0.245,0.351
17098351,0.38,0.379,0.241
18043388,0.427,0.341,0.231
17447959,0.385,0.353,0.262
17661791,0.496,0.391,0.113
16888683,0.833,0.111,0.056
17757487,0.364,0.254,0.382
17925637,0.55,0.17,0.28
18037092,0.373,0.275,0.352
16482100,0.217,0.329,0.453
18037096,0.493,0.292,0.216
18035556,0.683,0.059,0.258
18035555,0.875,0.051,0.074
18035554,0.838,0.091,0.072
18035553,0.551,0.105,0.344
17868269,0.85,0.104,0.046
17987458,0.641,0.171,0.188
17987320,0.65,0.199,0.152
18025019,0.679,0.124,0.197
17987323,0.563,0.214,0.223
17987322,0.366,0.184,0.45
17960673,0.185,0.199,0.616
17807195,0.647,0.137,0.217
17757488,0.482,0.248,0.271
17753376,0.776,0.117,0.107
17757250,0.444,0.33,0.226
18037110,0.676,0.195,0.129
17241711,0.384,0.287,0.329
17012254,0.702,0.212,0.085
17012250,0.336,0.282,0.381
17012249,0.546,0.204,0.25
17012248,0.684,0.207,0.11
18043390,0.199,0.547,0.254
18046143,0.874,0.061,0.065
17012247,0.409,0.303,0.288
17012246,0.801,0.118,0.082
17879665,0.574,0.295,0.131
18039443,0.715,0.208,0.077
17759226,0.422,0.219,0.358
17919068,0.617,0.183,0.2
16834383,0.105,0.153,0.742
17012251,0.471,0.201,0.327
16725280,0.644,0.217,0.138
17447964,0.374,0.287,0.339
16839809,0.247,0.191,0.562
17720188,0.367,0.332,0.3
16839816,0.412,0.28,0.308
18043389,0.466,0.327,0.208
17012252,0.686,0.206,0.108
16725525,0.606,0.221,0.173
17994072,0.362,0.249,0.39
18001841,0.466,0.242,0.292
17994074,0.264,0.198,0.538
17994075,0.481,0.249,0.27
17993925,0.547,0.284,0.169
17814577,0.659,0.04,0.301
17947871,0.421,0.27,0.309
17152447,0.62,0.205,0.175
17947856,0.265,0.309,0.426
17982998,0.546,0.244,0.209
17947872,0.596,0.217,0.187
17770690,0.962,0.012,0.026
17758727,0.355,0.258,0.387
17758726,0.392,0.239,0.368
17758725,0.37,0.219,0.411
17758486,0.25,0.2,0.55
17714835,0.443,0.265,0.292
17947855,0.554,0.208,0.238
17152450,0.476,0.25,0.274
17152449,0.335,0.272,0.393
17152448,0.229,0.174,0.597
17947870,0.528,0.27,0.202
17876879,0.471,0.266,0.263
18036215,0.352,0.315,0.333
18036185,0.463,0.141,0.395
17054449,0.59,0.285,0.125
17988026,0.418,0.335,0.246
17714840,0.447,0.29,0.263
17960389,0.483,0.318,0.199
18016021,0.673,0.184,0.143
18016022,0.424,0.277,0.299
18016023,0.316,0.226,0.458
18016024,0.777,0.127,0.096
18016044,0.46,0.27,0.27
17057083,0.38,0.333,0.287
18016046,0.686,0.157,0.157
18016049,0.502,0.339,0.16
18016032,0.361,0.389,0.25
18016033,0.396,0.326,0.278
18016035,0.41,0.31,0.281
17152446,0.608,0.227,0.166
18016036,0.448,0.341,0.211
18016037,0.464,0.297,0.24
18044166,0.345,0.335,0.32
17807196,0.766,0.123,0.112
18036174,0.478,0.115,0.407
18036175,0.495,0.256,0.249
18036184,0.542,0.215,0.243
18036194,0.43,0.253,0.317
17152444,0.167,0.173,0.66
16953820,0.363,0.258,0.379
17152442,0.28,0.338,0.382
17876759,0.412,0.291,0.296
16943137,0.467,0.332,0.201
18036204,0.633,0.128,0.239
18036195,0.47,0.218,0.312
16952338,0.294,0.271,0.435
16952340,0.392,0.303,0.306
16952341,0.398,0.308,0.294
16952342,0.375,0.286,0.339
16952343,0.67,0.22,0.11
16952344,0.26,0.291,0.449
16952345,0.539,0.265,0.196
16952346,0.253,0.265,0.482
16952347,0.45,0.216,0.334
16952348,0.271,0.333,0.396
16952349,0.255,0.25,0.495
16952890,0.375,0.331,0.294
16952891,0.459,0.301,0.24
16952892,0.548,0.222,0.23
16952893,0.243,0.404,0.353
17876755,0.446,0.283,0.271
16952894,0.389,0.254,0.357
18043771,0.323,0.059,0.618
18039450,0.565,0.305,0.129
17982978,0.03,0.127,0.844
17685633,0.511,0.104,0.385
16911223,0.593,0.237,0.17
18038907,0.405,0.242,0.353
18038908,0.5,0.227,0.273
18038923,0.532,0.201,0.267
16487310,0.422,0.257,0.32
16487309,0.41,0.279,0.311
16487308,0.452,0.305,0.243
16487307,0.376,0.292,0.332
16487306,0.357,0.22,0.423
16487305,0.527,0.304,0.169
16487304,0.393,0.299,0.308
16487303,0.698,0.201,0.101
16487302,0.65,0.262,0.088
18038924,0.482,0.257,0.261
18039446,0.539,0.348,0.113
18039448,0.526,0.206,0.267
17056583,0.734,0.168,0.099
18039451,0.498,0.164,0.337
16952895,0.264,0.295,0.441
16952339,0.251,0.249,0.5
16953823,0.641,0.218,0.141
18036205,0.484,0.202,0.315
16953825,0.381,0.326,0.293
16953827,0.26,0.364,0.376
16953828,0.356,0.283,0.361
16953819,0.415,0.309,0.276
16953818,0.37,0.312,0.319
16953829,0.425,0.303,0.272
16953822,0.425,0.304,0.271
16952901,0.392,0.313,0.295
16952900,0.46,0.293,0.247
16952897,0.369,0.292,0.339
16953831,0.278,0.277,0.445
16952899,0.354,0.381,0.265
16952898,0.499,0.29,0.211
17152439,0.345,0.292,0.364
17152440,0.218,0.316,0.467
16953830,0.552,0.256,0.192
16953821,0.372,0.332,0.296
17055690,0.15,0.211,0.639
17960388,0.667,0.173,0.16
17960391,0.468,0.298,0.234
18014389,0.443,0.299,0.258
16614711,0.646,0.174,0.18
17987997,0.539,0.306,0.155
17996425,0.843,0.119,0.038
17048294,0.413,0.304,0.283
17003952,0.556,0.202,0.243
17003953,0.517,0.234,0.249
17003954,0.338,0.234,0.429
17747982,0.929,0.044,0.027
17870437,0.508,0.114,0.378
17870438,0.698,0.158,0.144
17003949,0.572,0.184,0.244
16832483,0.332,0.246,0.422
17925632,0.386,0.31,0.304
18046144,0.84,0.032,0.127
17757490,0.3,0.317,0.383
17796505,0.827,0.072,0.101
17447961,0.48,0.325,0.195
17900285,0.427,0.314,0.259
17959886,0.248,0.254,0.498
16524261,0.407,0.337,0.255
17892895,0.182,0.396,0.422
17900314,0.494,0.277,0.23
16522008,0.371,0.276,0.353
17900315,0.376,0.265,0.358
17900316,0.354,0.28,0.366
17911001,0.465,0.209,0.326
17911004,0.218,0.32,0.462
17911005,0.736,0.18,0.084
17973232,0.354,0.297,0.349
17973534,0.502,0.26,0.238
17447963,0.391,0.262,0.347
17720189,0.586,0.274,0.14
16481712,0.455,0.308,0.237
17684988,0.673,0.211,0.116
17958148,0.345,0.246,0.408
17137655,0.477,0.26,0.263
17684989,0.946,0.044,0.011
17684991,0.458,0.279,0.264
16833147,0.37,0.264,0.366
17673740,0.627,0.133,0.24
17675111,0.741,0.144,0.115
17137875,0.324,0.249,0.426
17673738,0.361,0.252,0.387
17137962,0.582,0.33,0.089
17996357,0.406,0.303,0.291
17996356,0.392,0.153,0.455
17993927,0.603,0.257,0.14
17988029,0.468,0.393,0.139
16839812,0.421,0.256,0.323
16864472,0.423,0.301,0.276
16864471,0.571,0.219,0.21
17673741,0.228,0.237,0.534
16864469,0.444,0.276,0.28
16833148,0.473,0.304,0.222
17932729,0.547,0.235,0.218
16839510,0.376,0.283,0.342
17695689,0.353,0.316,0.331
16576605,0.67,0.208,0.122
17986817,0.769,0.144,0.087
17695694,0.576,0.263,0.161
16832820,0.421,0.268,0.311
16839511,0.096,0.195,0.709
18015858,0.207,0.336,0.457
16833153,0.29,0.25,0.46
16576608,0.868,0.088,0.044
16833152,0.388,0.266,0.346
16576606,0.455,0.281,0.263
17673742,0.644,0.168,0.188
16864631,0.191,0.191,0.617
16864467,0.32,0.322,0.358
17469715,0.479,0.336,0.185
16864468,0.367,0.264,0.369
17879661,0.053,0.111,0.836
17932733,0.354,0.217,0.429
18001848,0.413,0.262,0.324
17958177,0.286,0.383,0.331
17997551,0.658,0.093,0.249
17757249,0.384,0.26,0.356
18043456,0.377,0.271,0.352
17982276,0.217,0.48,0.302
16789972,0.48,0.299,0.221
17959884,0.336,0.391,0.274
17720187,0.281,0.263,0.456
17753377,0.181,0.168,0.651
17974814,0.624,0.304,0.072
17973697,0.352,0.379,0.269
17098347,0.148,0.133,0.719
17998157,0.507,0.294,0.199
16524263,0.123,0.14,0.737
16833151,0.671,0.201,0.128
18039449,0.196,0.123,0.682
16725522,0.386,0.278,0.337
16524260,0.247,0.065,0.687
17974816,0.29,0.283,0.427
17998315,0.239,0.263,0.498
17925583,0.198,0.389,0.413
17057081,0.394,0.408,0.198
17994073,0.407,0.215,0.378
17755641,0.384,0.257,0.36
17057089,0.631,0.18,0.188
17755731,0.316,0.276,0.408
17152443,0.498,0.35,0.152
17944152,0.437,0.285,0.278
18045349,0.594,0.266,0.14
18053724,0.534,0.241,0.225
18015860,0.416,0.302,0.282
18038909,0.4,0.263,0.337
18045350,0.621,0.258,0.121
17055684,0.374,0.294,0.331
18045278,0.263,0.268,0.469
17982356,0.652,0.216,0.132
16943139,0.782,0.168,0.05
16911222,0.168,0.287,0.545
16614710,0.478,0.279,0.243
17883599,0.464,0.1,0.436
17720190,0.815,0.111,0.074
18036212,0.373,0.179,0.448
17973488,0.407,0.304,0.29
17973131,0.537,0.292,0.171
17879662,0.892,0.06,0.048
17048295,0.388,0.263,0.349
17048291,0.389,0.317,0.295
17957173,0.455,0.238,0.307
17814173,0.476,0.068,0.455
17925636,0.302,0.295,0.403
17958175,0.09,0.204,0.706
16839810,0.604,0.225,0.171
16522011,0.699,0.174,0.127
17956990,0.308,0.374,0.318
17958149,0.335,0.352,0.313
17004416,0.668,0.205,0.127
16482099,0.516,0.319,0.164
16482102,0.28,0.245,0.475
17785172,0.512,0.256,0.232
17722238,0.128,0.08,0.792
16482096,0.138,0.241,0.621
16482103,0.507,0.245,0.248
16482095,0.319,0.358,0.323
17722235,0.365,0.197,0.438
16864632,0.261,0.297,0.441
16482101,0.422,0.309,0.269
16482097,0.256,0.295,0.448
18044167,0.375,0.3,0.325
16576395,0.327,0.349,0.324
16614713,0.239,0.228,0.533
16832479,0.536,0.231,0.232
17469711,0.346,0.308,0.346
16576399,0.594,0.344,0.062
17807197,0.691,0.066,0.243
17902332,0.363,0.283,0.354
16576393,0.431,0.456,0.113
16614712,0.534,0.286,0.179
16576397,0.473,0.383,0.144
16725277,0.515,0.25,0.234
17807310,0.368,0.31,0.322
17891886,0.279,0.286,0.434
16482104,0.459,0.273,0.268
17900885,0.158,0.158,0.684
17226427,0.509,0.157,0.334
18043969,0.193,0.204,0.603
17925584,0.69,0.068,0.242
18016822,0.958,0.021,0.022
18037528,0.501,0.323,0.176
17899904,0.352,0.365,0.283
17892310,0.163,0.176,0.661
17755728,0.406,0.282,0.313
18032018,0.428,0.236,0.336
17098343,0.593,0.2,0.208
17748168,0.421,0.283,0.296
17748167,0.518,0.255,0.227
16943141,0.395,0.351,0.254
18035530,0.394,0.225,0.381
17874221,0.729,0.18,0.091
18037870,0.656,0.229,0.114
18037872,0.591,0.248,0.161
18038662,0.511,0.241,0.248
17756252,0.503,0.08,0.417
18045648,0.156,0.209,0.635
17996661,0.2,0.218,0.582
17055685,0.632,0.243,0.125
16481703,0.442,0.301,0.257
17874222,0.107,0.273,0.62
17957175,0.208,0.247,0.545
17900883,0.208,0.206,0.586
16614707,0.657,0.193,0.15
17957879,0.422,0.184,0.393
17900884,0.311,0.262,0.426
17814172,0.581,0.08,0.338
17814170,0.755,0.027,0.219
17048288,0.746,0.16,0.094
17987720,0.493,0.207,0.3
17944155,0.418,0.271,0.312
17957176,0.296,0.229,0.475
17882926,0.458,0.328,0.214
17882925,0.408,0.385,0.207
17882924,0.308,0.448,0.244
18043977,0.085,0.129,0.786
18036346,0.5,0.305,0.195
18012775,0.39,0.31,0.3
18038199,0.669,0.297,0.034
18045709,0.201,0.227,0.573
18036580,0.304,0.511,0.185
17882406,0.438,0.219,0.344
17785177,0.39,0.282,0.328
18030056,0.312,0.335,0.353
17709181,0.31,0.273,0.417
18030097,0.355,0.253,0.391
18044977,0.576,0.327,0.097
18026205,0.5,0.276,0.224
18026206,0.269,0.257,0.474
18026207,0.228,0.197,0.575
18026217,0.481,0.29,0.229
18026219,0.667,0.213,0.121
18026218,0.293,0.208,0.499
18043973,0.836,0.127,0.036
18012774,0.548,0.267,0.185
17709180,0.422,0.362,0.215
17695494,0.678,0.199,0.123
17972119,0.465,0.385,0.15
17972118,0.265,0.32,0.415
17944150,0.331,0.34,0.329
17972117,0.472,0.325,0.203
17695489,0.382,0.31,0.308
18036581,0.441,0.414,0.145
18045705,0.541,0.263,0.195
18044978,0.397,0.298,0.305
17730357,0.252,0.319,0.43
17714923,0.517,0.278,0.205
17925703,0.488,0.307,0.205
17920424,0.801,0.098,0.102
17730356,0.18,0.497,0.324
17891887,0.202,0.221,0.576
17957177,0.416,0.281,0.304
17947377,0.754,0.123,0.123
17785174,0.589,0.238,0.174
18032034,0.38,0.374,0.246
17730355,0.274,0.343,0.384
17730358,0.588,0.208,0.205
18030017,0.211,0.496,0.294
18030098,0.711,0.143,0.146
17957174,0.463,0.185,0.352
17948955,0.813,0.05,0.138
17948951,0.829,0.061,0.11
17957178,0.625,0.254,0.121
17901484,0.49,0.269,0.241
17761445,0.482,0.272,0.246
18035601,0.394,0.272,0.334
17948952,0.786,0.103,0.111
17957179,0.202,0.313,0.485
17957180,0.601,0.187,0.213
17695490,0.671,0.2,0.129
18045703,0.168,0.295,0.537
18039239,0.203,0.148,0.649
17959351,0.463,0.231,0.307
17974820,0.474,0.283,0.243
17948954,0.798,0.05,0.151
17948953,0.734,0.074,0.192
17730360,0.287,0.467,0.246
17730354,0.321,0.341,0.338
17880871,0.697,0.219,0.084
17730353,0.267,0.244,0.489
17730359,0.693,0.202,0.106
17880870,0.405,0.3,0.295
17785176,0.654,0.219,0.127
17709177,0.328,0.293,0.379
17948208,0.391,0.164,0.444
17695491,0.7,0.227,0.073
17935495,0.774,0.075,0.151
17957181,0.455,0.249,0.296
17947913,0.542,0.301,0.157
17766108,0.333,0.346,0.321
17766110,0.414,0.315,0.271
17766109,0.328,0.303,0.37
17948209,0.205,0.128,0.667
17947912,0.632,0.238,0.131
17695036,0.546,0.222,0.232
17769750,0.333,0.335,0.332
17777672,0.626,0.233,0.14
17766767,0.263,0.301,0.437
17766337,0.374,0.295,0.331
17707592,0.346,0.197,0.457
17708610,0.588,0.255,0.157
16672201,0.58,0.272,0.148
17933991,0.112,0.165,0.723
17902720,0.48,0.289,0.231
17873725,0.763,0.134,0.103
17766770,0.464,0.288,0.248
17766768,0.274,0.296,0.431
17766339,0.462,0.276,0.263
17766338,0.34,0.306,0.354
17902719,0.313,0.319,0.368
17902485,0.424,0.284,0.292
17669026,0.326,0.233,0.441
17898209,0.286,0.184,0.53
17873726,0.797,0.042,0.161
17769751,0.366,0.271,0.363
17898210,0.132,0.031,0.837
17639712,0.351,0.208,0.441
17639711,0.516,0.276,0.208
17933992,0.454,0.172,0.374
17933994,0.554,0.198,0.248
17777673,0.318,0.267,0.415
17933993,0.137,0.081,0.781
17933996,0.311,0.171,0.519
17933995,0.642,0.192,0.166
17873724,0.513,0.232,0.255
17766111,0.568,0.256,0.176
17780359,0.705,0.163,0.132
17897786,0.805,0.102,0.092
17972614,0.576,0.232,0.192
17872805,0.358,0.196,0.446
16839506,0.633,0.19,0.177
17972612,0.372,0.182,0.446
17972613,0.384,0.252,0.365
17137879,0.568,0.207,0.225
16576610,0.63,0.204,0.166
16576609,0.568,0.168,0.264
17708611,0.45,0.246,0.303
16950645,0.284,0.233,0.483
17162474,0.44,0.268,0.293
17154028,0.388,0.309,0.302
17997549,0.652,0.241,0.107
16576961,0.383,0.272,0.345
16576766,0.552,0.229,0.219
16824766,0.681,0.154,0.165
17214098,0.599,0.204,0.197
17973537,0.599,0.254,0.146
17956986,0.442,0.287,0.27
17214103,0.217,0.17,0.613
17993950,0.358,0.259,0.383
17933997,0.331,0.175,0.495
17974598,0.462,0.247,0.29
17982274,0.273,0.242,0.484
18016345,0.091,0.114,0.795
17769752,0.588,0.305,0.106
17974364,0.285,0.363,0.352
17974363,0.412,0.343,0.245
17974362,0.585,0.249,0.166
17974357,0.638,0.23,0.132
17974602,0.381,0.135,0.484
17974360,0.273,0.282,0.446
17982303,0.504,0.073,0.422
17998698,0.354,0.365,0.281
17709843,0.389,0.271,0.34
17947232,0.335,0.39,0.275
17766112,0.441,0.288,0.27
17709849,0.577,0.248,0.175
17709848,0.315,0.309,0.375
17709847,0.573,0.232,0.195
17214102,0.803,0.129,0.068
17709846,0.514,0.267,0.218
17709845,0.366,0.263,0.371
17709844,0.476,0.263,0.261
17947226,0.418,0.253,0.329
17947231,0.731,0.142,0.127
17897968,0.159,0.048,0.792
16672198,0.676,0.229,0.095
17982234,0.366,0.077,0.557
16672199,0.816,0.129,0.055
18015864,0.549,0.23,0.221
17993949,0.272,0.292,0.437
17993951,0.386,0.331,0.283
18030127,0.666,0.209,0.125
17974800,0.458,0.26,0.282
17997550,0.591,0.247,0.162
17998158,0.487,0.231,0.282
17998314,0.369,0.257,0.374
17999440,0.157,0.252,0.59
17998696,0.457,0.325,0.218
17998697,0.435,0.262,0.303
17137652,0.636,0.183,0.18
17998118,0.4,0.276,0.323
17974361,0.228,0.336,0.436
17987996,0.495,0.304,0.202
17974355,0.372,0.254,0.374
16832822,0.481,0.297,0.221
17973233,0.206,0.242,0.552
17974358,0.484,0.297,0.219
17973234,0.343,0.336,0.321
17973235,0.428,0.305,0.267
17973535,0.04,0.379,0.582
16672193,0.146,0.421,0.433
17973536,0.486,0.241,0.273
17973228,0.374,0.323,0.303
17685634,0.328,0.141,0.531
17973698,0.314,0.358,0.328
17054455,0.374,0.366,0.26
17986986,0.523,0.099,0.378
16614706,0.091,0.166,0.744
17098346,0.606,0.188,0.206
17162472,0.491,0.242,0.267
16834382,0.852,0.106,0.042
16834384,0.567,0.255,0.177
17998695,0.278,0.218,0.504
17973613,0.399,0.257,0.344
18014682,0.6,0.269,0.131
17974815,0.328,0.323,0.349
17974354,0.487,0.283,0.23
16832817,0.265,0.322,0.414
16832815,0.302,0.396,0.302
17973485,0.385,0.3,0.314
18015856,0.442,0.09,0.468
17998155,0.709,0.176,0.116
16481706,0.272,0.253,0.475
17882661,0.161,0.257,0.581
16833150,0.38,0.257,0.362
18001847,0.581,0.24,0.18
16911219,0.366,0.302,0.332
18043459,0.521,0.24,0.239
16672195,0.213,0.25,0.537
17770691,0.354,0.186,0.46
17960674,0.571,0.078,0.352
17947857,0.391,0.274,0.335
17919066,0.668,0.188,0.144
17757494,0.571,0.192,0.237
16888684,0.577,0.249,0.175
16888685,0.297,0.264,0.439
16725529,0.517,0.271,0.212
16888282,0.499,0.227,0.274
17758489,0.521,0.19,0.29
16833154,0.458,0.222,0.321
17214100,0.573,0.187,0.24
17897969,0.453,0.229,0.319
17988272,0.327,0.14,0.533
16888283,0.362,0.285,0.352
17108930,0.333,0.102,0.565
16833155,0.561,0.218,0.221
17748169,0.338,0.349,0.312
18026188,0.509,0.217,0.274
16475930,0.924,0.032,0.045
16475942,0.725,0.022,0.252
18025020,0.255,0.264,0.481
17685630,0.636,0.078,0.286
18025021,0.602,0.19,0.207
17999441,0.312,0.367,0.321
17958431,0.19,0.281,0.529
17952901,0.467,0.248,0.285
17882656,0.353,0.328,0.319
17055688,0.249,0.211,0.54
17082415,0.459,0.342,0.199
17082416,0.745,0.145,0.11
17082417,0.39,0.241,0.369
17082418,0.281,0.321,0.398
17342110,0.246,0.197,0.556
16747110,0.868,0.085,0.047
17083451,0.794,0.138,0.068
17108932,0.255,0.273,0.471
17759223,0.668,0.023,0.308
17753378,0.16,0.136,0.705
17758732,0.333,0.254,0.414
17057085,0.403,0.388,0.209
17948172,0.104,0.047,0.848
17083450,0.509,0.261,0.23
18017191,0.213,0.378,0.408
17878828,0.116,0.173,0.711
12030746,0.337,0.075,0.588
16664885,0.579,0.266,0.154
18044350,0.479,0.28,0.242
16548728,0.595,0.221,0.184
17983545,0.371,0.219,0.411
12030742,0.395,0.124,0.481
16615097,0.55,0.358,0.092
16614708,0.458,0.25,0.291
17983544,0.502,0.388,0.11
18037100,0.584,0.24,0.176
16614709,0.843,0.114,0.043
16864470,0.334,0.328,0.337
18014679,0.481,0.238,0.281
17054450,0.599,0.221,0.18
18026186,0.333,0.252,0.416
17960675,0.514,0.147,0.34
18045650,0.427,0.268,0.305
18026189,0.435,0.206,0.359
18035557,0.906,0.029,0.065
18035558,0.909,0.019,0.072
18037098,0.391,0.275,0.335
18039711,0.371,0.235,0.394
18043394,0.197,0.527,0.276
18044351,0.412,0.346,0.242
18045325,0.458,0.127,0.415
18046136,0.184,0.415,0.401
16481709,0.396,0.284,0.32
18025022,0.297,0.241,0.463
17958461,0.441,0.293,0.266
17212655,0.567,0.311,0.122
17757721,0.12,0.244,0.637
17212651,0.417,0.339,0.243
17212650,0.479,0.305,0.216
17212649,0.37,0.391,0.239
17212648,0.437,0.281,0.282
17212647,0.455,0.268,0.276
17113092,0.727,0.162,0.111
17113091,0.737,0.111,0.152
17212652,0.6,0.264,0.136
17113089,0.473,0.178,0.348
17108931,0.065,0.13,0.805
17098345,0.434,0.305,0.261
17098344,0.648,0.192,0.16
17098342,0.234,0.226,0.54
17004418,0.385,0.268,0.347
17004415,0.285,0.305,0.41
17113090,0.388,0.459,0.153
17108934,0.558,0.135,0.307
17807198,0.04,0.108,0.852
17212653,0.264,0.282,0.454
17212656,0.285,0.321,0.395
17757720,0.398,0.191,0.411
17757719,0.307,0.298,0.395
17757492,0.583,0.281,0.136
17757253,0.431,0.248,0.321
17757252,0.256,0.27,0.474
17757248,0.339,0.287,0.374
17661792,0.473,0.344,0.183
17212654,0.27,0.34,0.39
17657420,0.468,0.319,0.213
17447965,0.367,0.421,0.212
17242089,0.618,0.243,0.139
17242088,0.34,0.296,0.364
17242087,0.353,0.309,0.338
16481707,0.432,0.287,0.282
17242083,0.631,0.202,0.167
17242082,0.473,0.308,0.219
17657419,0.302,0.335,0.362
17242085,0.325,0.329,0.347
17113088,0.302,0.234,0.463
16481704,0.244,0.263,0.493
17238591,0.636,0.235,0.13
17238592,0.357,0.4,0.244
17238595,0.384,0.326,0.289
17238596,0.295,0.216,0.489
17154726,0.45,0.206,0.344
16839811,0.579,0.238,0.183
16839813,0.468,0.242,0.29
16481705,0.461,0.261,0.279
16839817,0.415,0.282,0.302
16943143,0.203,0.2,0.597
16672192,0.463,0.267,0.27
16672194,0.632,0.172,0.196
16672200,0.47,0.268,0.263
16672202,0.778,0.166,0.055
16834381,0.415,0.227,0.358
17786372,0.592,0.231,0.177
17004419,0.365,0.243,0.393
16671976,0.376,0.287,0.337
17241609,0.331,0.31,0.36
17882655,0.543,0.291,0.166
17241703,0.494,0.272,0.234
17240725,0.229,0.337,0.435
17243096,0.344,0.339,0.317
17243119,0.406,0.272,0.322
17241351,0.497,0.145,0.358
17240103,0.35,0.275,0.375
17240668,0.416,0.279,0.304
17240118,0.417,0.359,0.224
17240703,0.217,0.245,0.539
17241010,0.265,0.313,0.421
17240401,0.49,0.238,0.272
17240738,0.464,0.263,0.273
17876757,0.381,0.256,0.363
18026187,0.318,0.311,0.37
16725523,0.806,0.166,0.027
17108933,0.959,0.027,0.014
16487544,0.857,0.074,0.069
16487542,0.494,0.273,0.233
16487546,0.77,0.143,0.087
18017196,0.514,0.26,0.226
18016375,0.375,0.284,0.341
18026191,0.713,0.128,0.159
17057084,0.67,0.241,0.089
18044352,0.442,0.254,0.304
18044353,0.445,0.302,0.253
16487540,0.412,0.222,0.366
17342116,0.678,0.202,0.121
17948781,0.377,0.269,0.355
16911218,0.485,0.263,0.252
17948174,0.225,0.223,0.552
17876881,0.327,0.15,0.523
17876880,0.512,0.268,0.22
17770692,0.091,0.144,0.765
17758491,0.377,0.204,0.419
17758487,0.328,0.3,0.372
17758485,0.58,0.212,0.207
16911221,0.754,0.156,0.09
17755732,0.329,0.313,0.358
17755729,0.267,0.256,0.477
17876758,0.349,0.248,0.404
17807433,0.886,0.066,0.048
18039454,0.349,0.318,0.333
17238589,0.252,0.433,0.316
18037779,0.3,0.22,0.48
18025023,0.424,0.267,0.309
17755730,0.343,0.22,0.437
18032019,0.536,0.236,0.228
18026190,0.717,0.151,0.131
17973615,0.294,0.246,0.46
17055689,0.674,0.231,0.095
17720100,0.311,0.302,0.387
17003955,0.351,0.25,0.399
17720098,0.444,0.3,0.256
17988397,0.32,0.324,0.356
17974597,0.59,0.198,0.212
17974776,0.374,0.307,0.319
17997546,0.425,0.269,0.306
18044354,0.476,0.378,0.147
17720096,0.317,0.261,0.422
18016333,0.509,0.269,0.222
16614714,0.598,0.257,0.145
16864473,0.355,0.28,0.364
17469713,0.328,0.301,0.371
17973614,0.5,0.215,0.285
17973612,0.693,0.223,0.083
17973558,0.163,0.276,0.561
17973556,0.495,0.265,0.24
17973487,0.344,0.327,0.328
16522007,0.222,0.205,0.573
16839815,0.177,0.221,0.602
18043355,0.451,0.324,0.225
17973230,0.519,0.311,0.17
17973229,0.256,0.318,0.426
17911008,0.556,0.277,0.167
17960390,0.471,0.261,0.268
17959887,0.219,0.291,0.491
17959883,0.488,0.324,0.188
16576604,0.264,0.174,0.562
17973236,0.435,0.333,0.231
17054454,0.455,0.273,0.272
17974595,0.403,0.314,0.283
16864475,0.447,0.294,0.26
17982360,0.446,0.254,0.3
16613819,0.788,0.138,0.074
16613816,0.318,0.242,0.44
16548737,0.659,0.194,0.147
16548735,0.369,0.298,0.333
16548734,0.728,0.181,0.09
16548733,0.453,0.302,0.245
16548731,0.505,0.306,0.189
17974359,0.598,0.28,0.122
16548730,0.282,0.222,0.496
17948322,0.818,0.141,0.042
17982273,0.477,0.24,0.283
17948320,0.491,0.248,0.261
16576607,0.375,0.189,0.437
17974799,0.539,0.25,0.21
17974777,0.391,0.348,0.262
17469714,0.535,0.284,0.181
17911009,0.336,0.293,0.371
16548729,0.356,0.273,0.371
17684995,0.65,0.184,0.166
16548732,0.392,0.344,0.265
17807432,0.397,0.232,0.371
17469712,0.506,0.329,0.164
16864634,0.348,0.279,0.373
17948318,0.802,0.132,0.066
17137959,0.778,0.129,0.093
17137963,0.255,0.237,0.508
17987994,0.352,0.422,0.227
17695691,0.423,0.269,0.308
17807436,0.153,0.292,0.556
17137877,0.58,0.052,0.368
17671530,0.306,0.36,0.334
17947228,0.325,0.289,0.386
17996397,0.375,0.291,0.334
17137876,0.547,0.136,0.318
17469708,0.553,0.293,0.155
17469710,0.429,0.283,0.288
17944157,0.539,0.236,0.224
17469709,0.352,0.419,0.229
17881911,0.365,0.341,0.294
18015861,0.579,0.239,0.182
17137651,0.479,0.175,0.346
18045327,0.354,0.417,0.229
16481710,0.557,0.239,0.204
17786375,0.615,0.155,0.23
17786374,0.58,0.25,0.171
17997545,0.365,0.247,0.389
16832481,0.714,0.157,0.129
18014681,0.6,0.202,0.198
17982235,0.607,0.22,0.173
17213334,0.384,0.302,0.315
17213335,0.382,0.352,0.265
17213333,0.45,0.36,0.19
17213337,0.378,0.367,0.255
17770434,0.227,0.238,0.535
17757246,0.429,0.313,0.258
17948314,0.409,0.303,0.288
17213336,0.555,0.285,0.16
17213341,0.527,0.24,0.233
17213340,0.506,0.317,0.177
17213342,0.301,0.344,0.355
17213338,0.514,0.249,0.237
17213339,0.479,0.327,0.194
17948782,0.769,0.142,0.089
18026192,0.438,0.277,0.284
16725524,0.459,0.278,0.262
17956988,0.454,0.28,0.267
17998702,0.41,0.394,0.196
17998700,0.485,0.238,0.276
17998699,0.4,0.35,0.25
17956987,0.889,0.079,0.032
17956985,0.299,0.3,0.401
17956984,0.463,0.336,0.201
17956983,0.222,0.255,0.523
17972168,0.499,0.398,0.103
17998177,0.402,0.224,0.374
17974596,0.538,0.239,0.223
17956991,0.307,0.39,0.304
17973227,0.382,0.32,0.299
17974600,0.836,0.055,0.109
17900284,0.248,0.244,0.508
17973486,0.426,0.301,0.273
17098348,0.207,0.213,0.581
17987995,0.443,0.365,0.192
17947227,0.333,0.252,0.415
17693967,0.89,0.068,0.043
17988027,0.358,0.325,0.317
17973620,0.459,0.261,0.28
17947230,0.4,0.282,0.318
17057087,0.467,0.391,0.142
17057082,0.472,0.314,0.214
17901485,0.268,0.613,0.119
17055683,0.439,0.237,0.325
18032007,0.623,0.174,0.203
18045354,0.504,0.225,0.272
18045276,0.436,0.291,0.273
18045352,0.441,0.354,0.205
18045355,0.541,0.343,0.116
17973696,0.377,0.301,0.322
16911217,0.376,0.214,0.41
17695690,0.226,0.296,0.477
17957182,0.415,0.271,0.314
17794557,0.428,0.293,0.279
17794556,0.459,0.31,0.232
17794555,0.494,0.307,0.199
17794554,0.312,0.324,0.364
17794553,0.46,0.303,0.236
17794552,0.226,0.287,0.487
17998703,0.264,0.317,0.419
16672196,0.348,0.41,0.242
17720099,0.514,0.35,0.135
16832816,0.319,0.268,0.412
17998294,0.407,0.32,0.274
17998296,0.547,0.279,0.174
17054448,0.419,0.372,0.209
17973231,0.661,0.225,0.114
17998257,0.466,0.307,0.226
16864633,0.823,0.128,0.049
17974356,0.303,0.223,0.474
16832819,0.597,0.249,0.154
17883192,0.343,0.309,0.348
17973694,0.382,0.447,0.17
17973695,0.486,0.341,0.173
17786295,0.576,0.259,0.165
17786373,0.493,0.299,0.208
17993926,0.557,0.274,0.168
16548736,0.582,0.288,0.13
17004417,0.19,0.214,0.595
16839814,0.261,0.21,0.528
18014388,0.259,0.328,0.413
18032036,0.408,0.31,0.282
18037527,0.77,0.144,0.086
17883321,0.323,0.517,0.16
17883322,0.45,0.38,0.17
17785175,0.329,0.346,0.326
17891885,0.209,0.22,0.571
16943145,0.728,0.165,0.107
17881912,0.479,0.269,0.252
18046132,0.457,0.289,0.253
17881913,0.403,0.295,0.302
17881914,0.488,0.277,0.235
17883323,0.473,0.372,0.155
17881909,0.328,0.36,0.312
17212956,0.588,0.204,0.208
17882300,0.378,0.323,0.299
17946841,0.358,0.403,0.239
18043974,0.811,0.032,0.157
17883317,0.551,0.319,0.13
18043972,0.64,0.083,0.277
17974594,0.458,0.312,0.229
17946632,0.252,0.369,0.379
17882294,0.452,0.319,0.229
17212957,0.536,0.286,0.178
17946628,0.323,0.339,0.338
17946847,0.365,0.339,0.296
17212959,0.367,0.312,0.322
17212961,0.4,0.331,0.268
17212962,0.476,0.295,0.228
17319273,0.624,0.241,0.134
17319274,0.378,0.308,0.314
17212955,0.246,0.263,0.49
17996670,0.822,0.118,0.059
17212958,0.458,0.26,0.282
17881907,0.498,0.279,0.222
17946845,0.477,0.291,0.231
17057086,0.422,0.309,0.269
17881908,0.451,0.312,0.237
18045652,0.369,0.318,0.313
17098350,0.306,0.34,0.353
17946631,0.282,0.291,0.427
17748166,0.518,0.302,0.18
18045933,0.448,0.339,0.214
18016379,0.618,0.277,0.104
18016378,0.407,0.149,0.445
18039241,0.244,0.253,0.503
18030101,0.422,0.274,0.304
18035603,0.538,0.263,0.199
17810780,0.504,0.354,0.142
18035531,0.218,0.261,0.521
18037876,0.753,0.134,0.113
18045332,0.491,0.319,0.189
18045654,0.218,0.201,0.581
18043979,0.602,0.248,0.15
18039245,0.311,0.225,0.463
18030099,0.31,0.283,0.407
18043975,0.8,0.181,0.018
18043362,0.281,0.32,0.399
17946842,0.372,0.333,0.295
17756255,0.729,0.037,0.234
17872599,0.269,0.235,0.496
17946629,0.322,0.371,0.307
17946630,0.354,0.423,0.223
17872598,0.316,0.256,0.428
17946633,0.435,0.27,0.296
17946634,0.404,0.283,0.312
17946844,0.341,0.301,0.358
17946848,0.283,0.396,0.322
17872596,0.398,0.303,0.299
16481711,0.477,0.353,0.17
17872595,0.322,0.446,0.232
17055687,0.114,0.256,0.63
17054452,0.171,0.347,0.482
17722064,0.055,0.135,0.811
17872597,0.406,0.248,0.346
17814171,0.638,0.029,0.333
17814174,0.892,0.009,0.099
17882928,0.198,0.589,0.213
17987721,0.222,0.249,0.529
18043353,0.464,0.266,0.27
17786294,0.262,0.258,0.481
17883319,0.542,0.292,0.166
18045711,0.379,0.25,0.371
17944156,0.5,0.296,0.204
17882929,0.616,0.211,0.174
18012776,0.47,0.251,0.279
18024919,0.325,0.277,0.398
18054385,0.428,0.067,0.504
18032038,0.527,0.293,0.181
17882442,0.612,0.196,0.191
17785170,0.32,0.216,0.465
18024932,0.402,0.306,0.291
18043396,0.489,0.242,0.269
18043398,0.438,0.299,0.263
18043971,0.545,0.324,0.131
18054387,0.18,0.21,0.611
17722066,0.529,0.302,0.17
18029977,0.322,0.515,0.163
18036582,0.322,0.627,0.05
18016680,0.574,0.246,0.181
17880872,0.299,0.263,0.438
17891892,0.359,0.256,0.385
18045707,0.162,0.225,0.613
18030100,0.756,0.146,0.098
18044983,0.526,0.253,0.221
17786293,0.361,0.308,0.33
17786296,0.222,0.257,0.521
17761449,0.488,0.269,0.242
17972120,0.244,0.3,0.455
17944151,0.268,0.277,0.455
17810427,0.533,0.275,0.192
18012777,0.525,0.225,0.249
17810974,0.62,0.256,0.124
17810429,0.445,0.299,0.257
17810455,0.398,0.274,0.328
17810456,0.369,0.334,0.296
17972121,0.576,0.245,0.179
18039243,0.25,0.294,0.456
17709179,0.415,0.251,0.334
17714924,0.091,0.157,0.753
17785173,0.213,0.357,0.431
18044984,0.711,0.225,0.065
17920426,0.406,0.299,0.296
17891891,0.103,0.259,0.638
17891889,0.385,0.255,0.361
17714919,0.194,0.226,0.581
18016380,0.535,0.303,0.162
17947376,0.38,0.217,0.403
17948956,0.71,0.067,0.223
17901495,0.653,0.226,0.122
17903997,0.396,0.308,0.297
17695492,0.354,0.328,0.318
18024920,0.512,0.271,0.217
17959347,0.294,0.267,0.439
18029978,0.468,0.302,0.229
17957184,0.562,0.182,0.256
17714921,0.315,0.346,0.339
17714918,0.445,0.359,0.196
17880869,0.285,0.274,0.441
17957183,0.214,0.326,0.459
17695493,0.238,0.315,0.447
16775451,0.127,0.18,0.693
18038717,0.837,0.025,0.137
18038715,0.609,0.139,0.252
18038716,0.721,0.145,0.134
17685631,0.257,0.168,0.575
17882658,0.21,0.243,0.547
17999442,0.356,0.368,0.276
17175864,0.445,0.221,0.334
17707271,0.528,0.221,0.251
16775455,0.296,0.329,0.376
16775456,0.273,0.257,0.469
17999443,0.464,0.288,0.248
17175868,0.476,0.224,0.3
17175867,0.433,0.203,0.364
17175863,0.622,0.223,0.155
17154729,0.536,0.195,0.269
17882657,0.596,0.2,0.204
17154728,0.393,0.191,0.416
17882660,0.532,0.286,0.182
16997587,0.27,0.234,0.496
12030738,0.363,0.272,0.365
18037091,0.901,0.04,0.06
12030690,0.409,0.308,0.284
18043338,0.399,0.287,0.314
17004420,0.298,0.198,0.504
17162471,0.552,0.226,0.222
17783667,0.428,0.276,0.296
17783668,0.923,0.063,0.014
17014304,0.384,0.387,0.229
17925633,0.275,0.247,0.477
17004412,0.452,0.274,0.274
16775449,0.565,0.221,0.214
17004414,0.437,0.31,0.253
16833149,0.543,0.238,0.219
16725281,0.573,0.247,0.18
17667710,0.193,0.225,0.582
17999106,0.348,0.268,0.384
17004453,0.579,0.254,0.167
16725528,0.241,0.279,0.479
18014915,0.411,0.317,0.272
16775454,0.055,0.094,0.852
16775452,0.546,0.257,0.197
17243784,0.192,0.264,0.544
17152452,0.577,0.217,0.207
17881640,0.522,0.253,0.224
18014745,0.437,0.32,0.243
17876878,0.419,0.271,0.311
17175870,0.511,0.22,0.269
17152462,0.5,0.164,0.336
17152461,0.503,0.183,0.314
17882659,0.48,0.278,0.242
17152459,0.438,0.166,0.396
17152457,0.388,0.251,0.361
17152455,0.619,0.127,0.254
17152453,0.376,0.247,0.377
17152454,0.27,0.226,0.504
17152460,0.707,0.246,0.046
18045330,0.305,0.228,0.467
18043337,0.696,0.237,0.067
17881643,0.383,0.27,0.346
18014417,0.892,0.028,0.08
17162473,0.319,0.308,0.373
17959353,0.396,0.32,0.284
18014410,0.6,0.213,0.187
17770439,0.385,0.275,0.34
17770438,0.484,0.168,0.348
17770436,0.286,0.349,0.365
18055635,0.546,0.194,0.26
18055636,0.277,0.352,0.371
17770437,0.719,0.068,0.213
17770435,0.56,0.262,0.178
16725279,0.501,0.265,0.233
17054456,0.349,0.281,0.37
17997742,0.302,0.299,0.399
17997741,0.408,0.309,0.283
17959354,0.364,0.331,0.304
17959352,0.349,0.342,0.309
17882441,0.504,0.268,0.228
16840328,0.563,0.202,0.235
17057090,0.231,0.324,0.445
17243809,0.439,0.345,0.215
17757251,0.354,0.343,0.303
17757247,0.546,0.277,0.177
17757491,0.511,0.271,0.218
17783664,0.291,0.206,0.503
17783666,0.389,0.309,0.302
16576396,0.345,0.498,0.157
16943146,0.407,0.225,0.369
17888308,0.591,0.072,0.337
17758490,0.472,0.223,0.305
17948783,0.542,0.213,0.245
17888309,0.704,0.066,0.23
17888303,0.718,0.213,0.068
17958150,0.524,0.3,0.175
18043312,0.704,0.186,0.11
17226505,0.36,0.232,0.408
17958151,0.338,0.33,0.333
17004413,0.358,0.288,0.354
17004411,0.801,0.136,0.063
18014387,0.442,0.434,0.124
18055637,0.655,0.24,0.104
17891888,0.39,0.257,0.353
17958176,0.15,0.235,0.615
17897080,0.29,0.316,0.394
16615090,0.439,0.262,0.299
17175862,0.516,0.182,0.302
17154730,0.541,0.214,0.246
16615102,0.514,0.221,0.265
18024625,0.631,0.179,0.191
17883193,0.239,0.424,0.337
17883194,0.337,0.367,0.295
17883195,0.393,0.338,0.269
17883324,0.371,0.454,0.175
16840619,0.498,0.251,0.251
17882296,0.327,0.316,0.356
17882293,0.455,0.292,0.253
17882299,0.376,0.285,0.339
17783665,0.444,0.318,0.238
17098349,0.557,0.294,0.149
16482098,0.249,0.324,0.426
17786370,0.301,0.305,0.395
17054453,0.474,0.245,0.281
18043363,0.523,0.197,0.28
17888305,0.712,0.201,0.087
17722062,0.558,0.226,0.216
17888306,0.228,0.103,0.668
17888304,0.228,0.049,0.723
17957880,0.09,0.208,0.703
17957878,0.102,0.039,0.859
17722067,0.243,0.284,0.472
18043364,0.17,0.187,0.643
18046134,0.325,0.232,0.443
17057080,0.338,0.287,0.376
17055686,0.756,0.135,0.11
16943138,0.343,0.291,0.366
17882930,0.14,0.207,0.653
17959349,0.36,0.272,0.368
17987722,0.335,0.336,0.329
17883199,0.489,0.29,0.221
17882440,0.521,0.226,0.252
17786292,0.589,0.238,0.173
17722065,0.302,0.179,0.519
17695692,0.359,0.269,0.372
18044985,0.436,0.26,0.304
17959350,0.432,0.242,0.326
17883198,0.45,0.286,0.264
17882404,0.362,0.318,0.321
17761447,0.228,0.237,0.536
17715487,0.423,0.381,0.196
17715482,0.17,0.243,0.587
17722063,0.59,0.193,0.217
18016372,0.188,0.116,0.696
17891890,0.451,0.291,0.257
17714922,0.391,0.307,0.302
17715485,0.307,0.3,0.393
17715489,0.287,0.266,0.447
17714920,0.215,0.616,0.169
17695693,0.281,0.284,0.435
17785171,0.41,0.277,0.313
18030102,0.631,0.164,0.205
17901494,0.307,0.299,0.394
17883196,0.344,0.476,0.18
17944154,0.511,0.264,0.226
17715483,0.621,0.256,0.123
17715488,0.392,0.313,0.296
17715484,0.357,0.255,0.389
17715486,0.377,0.292,0.331
17714917,0.483,0.252,0.265
17695695,0.321,0.338,0.341
17695696,0.418,0.263,0.319
18046130,0.727,0.07,0.203
17766769,0.74,0.162,0.098
18044803,0.868,0.026,0.105
